       1998
       1957
       1844
       1658
       1411
       1106
        762
        388
         -2
       -392
       -766
      -1110
      -1414
      -1661
      -1846
      -1959
      -1999
      -1958
      -1845
      -1659
      -1412
      -1107
       -763
       -389
          1
        391
        765
       1109
       1413
       1660
       1845
       1958
       1998
       1957
       1844
       1658
       1411
       1106
        762
        388
         -2
       -392
       -766
      -1110
      -1414
      -1661
      -1846
      -1959
      -1999
      -1958
      -1845
      -1659
      -1412
      -1107
       -763
       -389
          1
        391
        765
       1109
       1413
       1660
       1845
       1958
       1998
       1957
       1844
       1658
       1411
       1106
        762
        388
         -2
       -392
       -766
      -1110
      -1414
      -1661
      -1846
      -1959
      -1999
      -1958
      -1845
      -1659
      -1412
      -1107
       -763
       -389
          1
        391
        765
       1109
       1413
       1660
       1845
       1958
       1998
       1957
       1844
       1658
       1411
       1106
        762
        388
         -2
       -392
       -766
      -1110
      -1414
      -1661
      -1846
      -1959
      -1999
      -1958
      -1845
      -1659
      -1412
      -1107
       -763
       -389
          1
        391
        765
       1109
       1413
       1660
       1845
       1958
       1998
       1957
       1844
       1658
       1411
       1106
        762
        388
         -2
       -392
       -766
      -1110
      -1414
      -1661
      -1846
      -1959
      -1999
      -1958
      -1845
      -1659
      -1412
      -1107
       -763
       -389
          1
        391
        765
       1109
       1413
       1660
       1845
       1958
       1998
       1957
       1844
       1658
       1411
       1106
        762
        388
         -2
       -392
       -766
      -1110
      -1414
      -1661
      -1846
      -1959
      -1999
      -1958
      -1845
      -1659
      -1412
      -1107
       -763
       -389
          1
        391
        765
       1109
       1413
       1660
       1845
       1958
       1998
       1957
       1844
       1658
       1411
       1106
        762
        388
         -2
       -392
       -766
      -1110
      -1414
      -1661
      -1846
      -1959
      -1999
      -1958
      -1845
      -1659
      -1412
      -1107
       -763
       -389
          1
        391
        765
       1109
       1413
       1660
       1845
       1958
       1998
       1957
       1844
       1658
       1411
       1106
        762
        388
         -2
       -392
       -766
      -1110
      -1414
      -1661
      -1846
      -1959
      -1999
      -1958
      -1845
      -1659
      -1412
      -1107
       -763
       -389
          1
        391
        765
       1109
       1413
       1660
       1845
       1958
       1998
       1957
       1844
       1658
       1411
       1106
        762
        388
         -2
       -392
       -766
      -1110
      -1414
      -1661
      -1846
      -1959
      -1999
      -1958
      -1845
      -1659
      -1412
      -1107
       -763
       -389
          1
        391
        765
       1109
       1413
       1660
       1845
       1958
       1998
       1957
       1844
       1658
       1411
       1106
        762
        388
         -2
       -392
       -766
      -1110
      -1414
      -1661
      -1846
      -1959
      -1999
      -1958
      -1845
      -1659
      -1412
      -1107
       -763
       -389
          1
        391
        765
       1109
       1413
       1660
       1845
       1958
       1212
       1384
       1460
       1481
       1424
       1247
        967
        620
        216
       -242
       -712
      -1139
      -1507
      -1812
      -2030
      -2116
      -2091
      -1996
      -1830
      -1552
      -1218
       -855
       -898
       -694
       -169
        363
        490
        143
       -312
       -447
       -155
        289
        498
        280
       -181
       -481
       -344
        113
        476
        414
        -16
       -439
       -495
       -142
        311
        465
        189
       -257
       -454
       -206
        270
        554
        394
        -92
       -505
       -515
       -140
        264
        324
          7
       -345
       -330
        141
        782
        499
        277
       -192
       -490
       -354
         97
        460
        414
         -1
       -416
       -462
        -98
        353
        488
        190
       -278
       -500
       -278
        191
        489
        353
        -98
       -461
       -415
          0
        415
        461
         97
       -354
       -489
       -191
        277
        499
        277
       -192
       -490
       -354
         97
        460
        414
         -1
       -416
       -462
        -98
        353
        488
        190
       -278
       -500
       -278
        191
        489
        353
        -98
       -461
       -415
          0
        415
        461
         97
       -354
       -489
       -191
        277
        499
        277
       -192
       -490
       -354
         97
        460
        414
         -1
       -416
       -462
        -98
        353
        488
        190
       -278
       -500
       -278
        191
        489
        353
        -98
       -461
       -415
          0
        415
        461
         97
       -354
       -489
       -191
        277
        499
        277
       -192
       -490
       -354
         97
        460
        414
         -1
       -416
       -462
        -98
        353
        488
        190
       -278
       -500
       -278
        191
        489
        353
        -98
       -461
       -415
          0
        415
        461
         97
       -354
       -489
       -191
        277
        499
        277
       -192
       -490
       -354
         97
        460
        414
         -1
       -416
       -462
        -98
        353
        488
        190
       -278
       -500
       -278
        191
        489
        353
        -98
       -461
       -415
          0
        415
        461
         97
       -354
       -489
       -191
        277
        499
        277
       -192
       -490
       -354
         97
        460
        414
         -1
       -416
       -462
        -98
        353
        488
        190
       -278
       -500
       -278
        191
        489
        353
        -98
       -461
       -415
          0
        415
        461
         97
       -354
       -489
       -191
        277
        499
        277
       -192
       -490
       -354
         97
        460
        414
         -1
       -416
       -462
        -98
        353
        488
        190
       -278
       -500
       -278
        191
        489
        353
        -98
       -461
       -415
          0
        415
        461
         97
       -354
       -489
       -191
        277
        499
        277
       -192
       -490
       -354
         97
        460
        414
         -1
       -416
       -462
        -98
        353
        488
        190
       -278
       -500
       -278
        191
        489
        353
        -98
       -461
       -415
          0
        415
        461
         97
       -354
       -489
       -191
        277
        356
        246
       -177
       -526
       -421
         66
        460
        397
        -27
       -413
       -440
        -94
        345
        497
        205
       -283
       -516
       -277
        198
        480
        342
        -88
       -445
       -415
         -4
        426
        470
         83
       -375
       -495
       -199
        248
        478
        290
       -167
       -479
       -322
        183
        553
        460
         59
       -233
         32
        263
       -195
        173
        -20
       -190
        222
       -230
        -55
        144
       -266
        162
         -3
       -149
        302
       -131
         34
        227
       -184
        204
        -27
       -172
        250
       -177
          0
        176
       -251
        176
          0
       -177
        250
       -177
          0
        176
       -251
        176
          0
       -177
        250
       -177
          0
        176
       -251
        176
          0
       -177
        250
       -177
          0
        176
       -251
        176
          0
       -177
        250
       -177
          0
        176
       -251
        176
          0
       -177
        250
       -177
          0
        176
       -251
        176
          0
       -177
        250
       -177
          0
        176
       -251
        176
          0
       -177
        250
       -177
          0
        176
       -251
        176
          0
       -177
        250
       -177
          0
        176
       -251
        176
          0
       -177
        250
       -177
          0
        176
       -251
        176
          0
       -177
        250
       -177
          0
        176
       -251
        176
          0
       -177
        250
       -177
          0
        176
       -251
        176
          0
       -177
        250
       -177
          0
        176
       -251
        176
          0
       -177
        250
       -177
          0
        176
       -251
        176
          0
       -177
        250
       -177
          0
        176
       -251
        176
          0
       -177
        250
       -177
          0
        176
       -251
        176
          0
       -177
        250
       -177
          0
        176
       -251
        176
          0
       -177
        250
       -177
          0
        176
       -251
        176
          0
       -177
        250
       -177
          0
        176
       -251
        176
          0
       -177
        250
       -177
          0
        176
       -251
        176
          0
       -177
        250
       -177
          0
        176
       -251
        176
          0
       -177
        250
       -177
          0
        176
       -251
        176
          0
       -177
        250
       -177
          0
        176
       -251
        176
          0
       -177
        250
       -177
          0
        176
       -251
        176
          0
       -177
        250
       -177
          0
        176
       -251
        176
          0
       -177
        250
       -177
          0
        176
       -251
        176
          0
       -177
        250
       -177
          0
        176
       -251
        176
          0
       -177
        250
       -177
          0
        176
       -251
        176
          0
       -177
        250
       -177
          0
        176
       -251
        176
          0
       -177
        250
       -177
          0
        176
       -251
        176
          0
       -177
        250
       -177
          0
        176
       -251
        176
          0
       -177
        250
       -177
          0
        176
       -251
        176
          0
       -177
        250
       -177
          0
        176
       -251
        176
          0
       -177
        250
       -177
          0
        176
       -251
        176
          0
       -177
        250
       -177
          0
        176
       -251
        176
          0
       -177
        250
       -177
          0
        176
       -251
        176
          0
       -177
        250
       -177
          0
        176
       -251
        176
          0
       -177
        250
       -177
          0
        176
       -251
        176
          0
       -177
        250
       -177
          0
        176
       -251
        176
          0
       -177
        250
       -177
          0
        176
       -251
        176
          0
       -177
