0
6
43
142
320
594
991
1516
2148
2860
3601
4295
4875
5276
5432
5304
4882
4166
3184
1997
669
-725
-2092
-3350
-4429
-5257
-5783
-5984
-5845
-5370
-4596
-3567
-2335
-976
431
1817
3100
4204
5077
5670
5944
5891
5517
4834
3885
2727
1415
23
-1365
-2679
-3849
-4802
-5490
-5879
-5940
-5671
-5094
-4233
-3134
-1866
-495
908
2257
3479
4514
5298
5785
5957
5800
5318
4546
3525
2304
957
-439
-1815
-3091
-4191
-5063
-5658
-5935
-5886
-5515
-4835
-3888
-2731
-1419
-26
1363
2678
3849
4803
5491
5880
5941
5671
5093
4232
3133
1866
496
-906
-2255
-3477
-4512
-5296
-5784
-5957
-5801
-5319
-4546
-3524
-2302
-955
441
1817
3093
4193
5065
5659
5935
5885
5514
4834
3887
2730
1419
27
-1362
-2677
-3848
-4802
-5490
-5879
-5940
-5671
-5094
-4233
-3134
-1866
-495
908
2257
3479
4514
5298
5785
5957
5800
5318
4546
3525
2304
957
-439
-1815
-3091
-4191
-5063
-5658
-5935
-5886
-5515
-4835
-3888
-2731
-1419
-26
1363
2678
3849
4803
5491
5880
5941
5671
5093
4232
3133
1866
496
-906
-2255
-3477
-4512
-5296
-5784
-5957
-5801
-5319
-4546
-3524
-2302
-955
441
1817
3093
4193
5065
5659
5935
5885
5514
4834
3887
2730
1419
27
-1362
-2677
-3848
-4802
-5490
-5879
-5940
-5671
-5094
-4233
-3134
-1866
-495
908
2257
3479
4514
5298
5785
5957
5800
5318
4546
3525
2304
957
-439
-1815
-3091
-4191
-5063
-5658
-5935
-5886
-5515
-4835
-3888
-2731
-1419
-26
1363
2678
3849
4803
5491
5880
5941
5671
